%%MatrixMarket vector coordinate real general
256
1  -5.91543020673908279128e-02
2  -5.87094840420386773761e-02
3  -5.88884889257003246721e-02
4  -5.96913434153387503778e-02
5  -5.97171383987580295383e-02
6  -5.97064261656580080873e-02
7  -5.98449941545224003980e-02
8  -5.93361024673003459307e-02
9  -5.94475115989143848561e-02
10  -5.97685964411556192033e-02
11  -6.01554431431540262420e-02
12  -6.01301071694687674918e-02
13  -6.07822800793795386953e-02
14  -6.12521789691524778942e-02
15  -6.14748006155246412563e-02
16  -6.14631421823430418305e-02
17  -6.21903683554192870941e-02
18  -6.18254020585846733593e-02
19  -6.26272587662882601611e-02
20  -6.32285402544059405017e-02
21  -6.45728442494317017575e-02
22  -6.35822852539515842585e-02
23  -6.37161438985976019689e-02
24  -6.43925058134409283861e-02
25  -6.53862366470274458674e-02
26  -6.60459566529863623119e-02
27  -6.83280660725356231433e-02
28  -6.87266792877589960398e-02
29  -6.91597095113937188060e-02
30  -7.01783633989733063308e-02
31  -7.06242649268653821526e-02
32  -7.10643689399608896595e-02
33  -7.22808875929498162449e-02
34  -7.29632797769569352297e-02
35  -7.33486214622163373855e-02
36  -7.30704482080766909435e-02
37  -7.46200775836543539477e-02
38  -7.55935056142550410030e-02
39  -7.52708035680371978504e-02
40  -7.56629328574500159554e-02
41  -7.49867011681147194180e-02
42  -7.41002226365196497992e-02
43  -7.43819887223349796024e-02
44  -7.54766553439058518471e-02
45  -7.67473240639057335821e-02
46  -7.65116084171794247348e-02
47  -7.58889938303951294696e-02
48  -7.44980999684572708919e-02
49  -7.34870998222747207063e-02
50  -7.29115131695526469402e-02
51  -7.24772690129237839862e-02
52  -7.13587046932126350951e-02
53  -7.15439777946174776391e-02
54  -6.88425881486608298720e-02
55  -6.74453707257803986019e-02
56  -6.61406889967310479550e-02
57  -6.63323742552535400296e-02
58  -6.56003487279954722311e-02
59  -6.51091123849014685732e-02
60  -6.39164859807497959254e-02
61  -6.36977095008975507939e-02
62  -6.38386862700535268056e-02
63  -6.22591135273276446993e-02
64  -6.11185485282667584350e-02
65  -5.93920326195781292378e-02
66  -5.79222103882445493728e-02
67  -5.78617277359934414904e-02
68  -5.81849306266555427181e-02
69  -5.99922551268219431120e-02
70  -6.09597900748379412095e-02
71  -6.12342009937780137885e-02
72  -6.10433049494438842442e-02
73  -6.15672945888218609012e-02
74  -6.21637321784357377297e-02
75  -6.41966131086943725403e-02
76  -6.52206624540525442546e-02
77  -6.68175115420961002188e-02
78  -6.76011508015045836650e-02
79  -6.68883216859447043978e-02
80  -6.69903464021210232060e-02
81  -6.62964322280498175033e-02
82  -6.60314509565369106570e-02
83  -6.36665708643438937875e-02
84  -6.23190584928891011529e-02
85  -6.16598211126578588104e-02
86  -5.89014974236892127624e-02
87  -5.75427380755739598106e-02
88  -5.71572599617348950374e-02
89  -5.64128523528959896494e-02
90  -5.47145011355629345973e-02
91  -5.40967857339378424553e-02
92  -5.38041455401752008458e-02
93  -5.37323321259488215218e-02
94  -5.33418837088832989424e-02
95  -5.40908662637601470036e-02
96  -5.37093333804544090238e-02
97  -5.40756761270267186092e-02
98  -5.44888580833682301119e-02
99  -5.61156324273684795068e-02
100  -5.77049057708845028469e-02
101  -6.02623311379310230840e-02
102  -6.02806505819958246550e-02
103  -6.01276302934579537363e-02
104  -5.98005589373719267932e-02
105  -6.07261087890158604563e-02
106  -6.17351935506101762163e-02
107  -6.15498828543735720942e-02
108  -6.12874388853322377146e-02
109  -6.20828872177948479227e-02
110  -6.33106873557449656431e-02
111  -6.31765274930926185037e-02
112  -6.41375431031943887827e-02
113  -6.41875128983001308480e-02
114  -6.44288896159149471199e-02
115  -6.40957848673386759719e-02
116  -6.36110978279934430324e-02
117  -6.51765469306085643009e-02
118  -6.53104150074476225152e-02
119  -6.46481937057729466600e-02
120  -6.55803688434513365468e-02
121  -6.63103863748385202737e-02
122  -6.64313728577514417406e-02
123  -6.69079606334880006013e-02
124  -6.83058693410927147971e-02
125  -6.83014551754601295652e-02
126  -6.97101647120294681814e-02
127  -7.00209019345171268522e-02
128  -7.02495753662391725358e-02
129  -6.90831543864299651991e-02
130  -6.92535761417725492795e-02
131  -6.92497564931670167576e-02
132  -6.94421651909415266202e-02
133  -6.97535181456030162206e-02
134  -6.84371043308941023886e-02
135  -6.81805107086173034503e-02
136  -6.89369027449025645327e-02
137  -6.86616313025614766197e-02
138  -6.84338616203140764904e-02
139  -6.74331824824208614366e-02
140  -6.70930464734713905006e-02
141  -6.64866771271214879180e-02
142  -6.63757515203767939349e-02
143  -6.42476981203893154904e-02
144  -6.31175721320359345290e-02
145  -6.58881774905367145756e-02
146  -6.86461148321620001633e-02
147  -6.98395674751782213896e-02
148  -7.12832374068943647183e-02
149  -7.19992060642048459229e-02
150  -7.27998416765960193464e-02
151  -7.45988471150073190197e-02
152  -7.73583986393650419044e-02
153  -7.81554395843353233442e-02
154  -7.84917283652390856963e-02
155  -7.86659133810516386642e-02
156  -7.78136586620442605167e-02
157  -7.78201171286673626382e-02
158  -7.70240641335775411136e-02
159  -7.67431832633800742327e-02
160  -7.67992432790050583158e-02
161  -7.68839584837761602643e-02
162  -7.81894778186095346095e-02
163  -7.79355490324780547651e-02
164  -7.65906817927395344725e-02
165  -7.56591705684677845456e-02
166  -7.66741362323144493018e-02
167  -7.65014151896606237058e-02
168  -7.57313533844288094832e-02
169  -7.68409669167808700996e-02
170  -7.60617086986339618893e-02
171  -7.56281212787659612440e-02
172  -7.63238285265293164850e-02
173  -7.73546426713596912972e-02
174  -7.83270095546656081043e-02
175  -7.79015557166973515724e-02
176  -7.75156676552281737047e-02
177  -7.83485100239150189516e-02
178  -7.77432074456791688544e-02
179  -7.68365095858024038655e-02
180  -7.61587522079010398324e-02
181  -7.57970926253527660377e-02
182  -7.32514085631994216197e-02
183  -7.25922793006143901584e-02
184  -7.19337891833841391875e-02
185  -7.00886566069310879001e-02
186  -7.02806492290771051001e-02
187  -7.12446445071077821831e-02
188  -6.97619864430961411639e-02
189  -6.85512992289264988521e-02
190  -6.64488062410694968474e-02
191  -6.56423048255631996772e-02
192  -6.50188468396642460512e-02
193  -6.55466785644930743926e-02
194  -6.45876768802030043481e-02
195  -6.36106642426102902865e-02
196  -6.28888527052300777553e-02
197  -6.24475279682295825179e-02
198  -6.21930619348464719387e-02
199  -6.29073405254771678141e-02
200  -6.14036809251183937630e-02
201  -6.03745145664112276007e-02
202  -6.02335578689585163237e-02
203  -5.93047652410753356467e-02
204  -5.80547319941982012392e-02
205  -5.89512426966968053343e-02
206  -5.81546154751920105208e-02
207  -5.81056837520129917940e-02
208  -5.75560869919572795639e-02
209  -5.75329603552216378715e-02
210  -5.77770400323869073866e-02
211  -5.78956693541760672450e-02
212  -5.68314877327177406241e-02
213  -5.61583367217187157117e-02
214  -5.46374831611764061323e-02
215  -5.30019937590968728824e-02
216  -5.21206564818770881620e-02
217  -4.93618646169746919106e-02
218  -4.75168792541771980997e-02
219  -4.69997081968160923537e-02
220  -4.65329004515640173856e-02
221  -4.55215040922993668948e-02
222  -4.35717337032242302275e-02
223  -3.99251085851868234289e-02
224  -3.76956334375931623182e-02
225  -3.74550812968455076879e-02
226  -3.75727810409040366424e-02
227  -3.57684952264314473536e-02
228  -3.39877244685829055237e-02
229  -3.26103404265101343151e-02
230  -3.20994812163285722639e-02
231  -3.21578350155529713028e-02
232  -3.13259581683971929933e-02
233  -3.02639487286298219937e-02
234  -2.95728676593552987362e-02
235  -2.91103657053545621103e-02
236  -2.98385978481957407638e-02
237  -3.12187850793986254594e-02
238  -2.94373261979499409313e-02
239  -2.81508184109240215676e-02
240  -2.79485398657084230245e-02
241  -2.70780159799888682504e-02
242  -2.50319090141027725260e-02
243  -2.52749962194455668474e-02
244  -2.47405465036249772037e-02
245  -2.43104767999357124220e-02
246  -2.38887020665645571915e-02
247  -2.33132260459828974386e-02
248  -2.29846727131940639643e-02
249  -2.24087297338882024400e-02
250  -2.20335764141528292481e-02
251  -2.14479400537982665964e-02
252  -2.12226399234482776546e-02
253  -2.11502034525897358863e-02
254  -2.03310577508933575108e-02
255  -1.98722191675247301934e-02
256  -1.87614036064341002663e-02
